17 18 24 27 31
20 21 23 30 36
27 24 25 26 28 31 34
29 26 28 30 31 34 33
86 83 84 86 87 89 91 91
81 79 80 83 85 89
56 55 57 59 66
49 48 46 47 49
77 76 77 76 74
42 41 44 43 46 46
86 85 86 85 88 92
16 13 14 11 16
34 32 32 35 36 39 41
36 34 35 36 36 38 35
8 6 8 8 10 13 13
17 15 15 18 21 25
18 17 17 18 25
85 84 86 88 89 93 96
37 36 40 41 38
25 22 24 28 29 29
70 68 71 74 78 82
16 13 14 15 17 21 27
58 57 62 63 65 66 68
84 81 84 85 90 88
67 66 68 74 75 78 78
68 66 73 76 80
38 35 41 43 45 46 52
63 63 64 67 69 70 71 74
28 28 31 33 31
43 43 44 47 48 49 52 52
68 68 69 72 74 75 79
60 60 62 65 67 70 76
38 38 37 38 40
18 18 21 22 25 23 22
19 19 16 17 19 20 20
24 24 22 25 29
38 38 35 38 43
14 14 14 16 18 20
55 55 55 56 53
32 32 35 35 38 41 41
14 14 15 15 16 20
18 18 18 19 20 27
42 42 45 49 52 54 56
19 19 23 26 27 24
71 71 73 76 80 83 85 85
35 35 38 42 46
25 25 29 32 37
28 28 30 35 37 38 40 41
33 33 38 39 38
69 69 72 79 79
8 8 13 14 15 18 22
40 40 42 47 53
83 87 89 90 91
18 22 25 27 28 30 32 31
47 51 54 57 60 60
66 70 72 74 78
24 28 31 33 40
30 34 33 34 36
65 69 67 70 72 74 73
72 76 77 80 83 80 80
54 58 61 58 62
59 63 65 66 65 66 72
28 32 32 34 35 38 41
16 20 21 23 23 22
48 52 52 55 58 58
17 21 21 24 25 29
19 23 24 25 25 28 33
39 43 44 47 51 53 54
4 8 10 14 16 17 18 17
7 11 12 15 19 22 22
70 74 77 78 80 84 88
60 64 67 70 74 76 81
47 51 58 59 60 62 64
9 13 14 16 22 19
21 25 32 33 35 35
78 82 89 91 95